alat = 1.0
A1 = 40.49671097776103 0.00000000000000 0.00000000000000
A2 = 20.24835548944440 35.07118047673858 0.00000000000000
A3 = 0.00000000000000 0.00000000000000 34.99999999999999
compute_spcs = [C C]
rotate_plot = False
rotate_angle = 0
xlim = -139 261
ylim = -80 150
repeat_units = 2 2
place_dots = False
fontsize = 20
tick_labelsize = 16
shift_origin = 0 0
