alat = 1.0
A1 = 78.72000000000000 0.00000000000000 0.00000000000000
A2 = 39.36000000000001 68.17351978591101 0.00000000000000
A3 = 0.00000000000001 0.00000000000000 100.00000000000000
compute_spcs = [W N]
rotate_plot = False
rotate_angle = 0
xlim = -11 247
ylim = -6 143
repeat_units = 2 2
place_dots = False
fontsize = 20
tick_labelsize = 16
shift_origin = 0 0
