alat = 1.0
A1 = 32.55199985796165 0.00000000000000 0.00000000000000
A2 = 16.27599993845005 28.19085894380881 0.00000000000000
A3 = 0.00000000000000 0.00000000000000 99.99999999999999
compute_spcs = [B B]
rotate_plot = False
rotate_angle = 0
xlim = -112 209
ylim = -64 121
repeat_units = 2 2
place_dots = False
fontsize = 20
tick_labelsize = 16
shift_origin = 0 0
